%% HB3
w = 0.94264341005768560148646627949509;
c_1 = 0.58247583278959749809212872670487;
c_3i = 0.067644082537523141275782430357624;
c_3r = -0.028756740783678364709604009886097;
%% HB5
w = 0.94294236004556073569267041920248;
c1 = 0.58163632516652939737707591650654;
c3r = 0.024523254236563325095870940201166;
c3i = 0.064145783801961427976067869239161;
c5i = 0.009478181088859126891376836651277;
c5r = 0.011010754430848876951384997121712;